0 0.082031 0.687500 0.149479 0.625000
0 0.260417 0.728241 0.052083 0.336111
0 0.179688 0.733333 0.023958 0.311111
0 0.152865 0.722685 0.024479 0.330556
1 0.481510 0.700463 0.111979 0.352778
0 0.621354 0.662963 0.030208 0.174074
0 0.928125 0.756019 0.078125 0.382407
7 0.801823 0.708333 0.084896 0.194444
0 0.584896 0.661111 0.023958 0.107407
0 0.559896 0.657870 0.020833 0.115741
0 0.544531 0.637963 0.011979 0.085185
0 0.532813 0.637963 0.015625 0.075926
0 0.400521 0.666667 0.023958 0.172222
0 0.365885 0.681481 0.018229 0.196296
0 0.420052 0.677778 0.019271 0.150000
