7 0.155729 0.763889 0.076042 0.188889
3 0.283854 0.697685 0.060417 0.143519
3 0.365885 0.675926 0.040104 0.111111
3 0.672656 0.726389 0.121354 0.237963
0 0.745052 0.712963 0.071354 0.259259
0 0.815625 0.792130 0.055208 0.165741
0 0.979427 0.781944 0.041146 0.334259
3 0.894792 0.736111 0.108333 0.327778
3 0.045833 0.708796 0.090625 0.152778
3 0.243229 0.684259 0.034375 0.114815
3 0.334115 0.669907 0.023438 0.075000
0 0.438021 0.681481 0.019792 0.098148
1 0.476302 0.673611 0.071354 0.100926
1 0.553906 0.673148 0.016146 0.046296
