0 0.233594 0.699074 0.089063 0.392593
0 0.741406 0.731944 0.092188 0.387963
0 0.941406 0.732407 0.117188 0.535185
6 0.851302 0.715741 0.149479 0.403704
7 0.582292 0.681019 0.069792 0.149074
0 0.683854 0.657870 0.035417 0.212037
0 0.157031 0.662037 0.050521 0.268519
0 0.041146 0.658796 0.030208 0.173148
1 0.293229 0.644444 0.094792 0.192593
1 0.473958 0.631944 0.066667 0.162037
7 0.530469 0.648148 0.028646 0.101852
7 0.430208 0.662037 0.035417 0.083333
1 0.376823 0.632407 0.093229 0.146296
1 0.077344 0.632407 0.045312 0.111111
7 0.643490 0.643056 0.029687 0.075000
