3 0.301042 0.750926 0.204167 0.488889
6 0.620573 0.768056 0.361979 0.454630
0 0.800781 0.625463 0.033854 0.237963
0 0.727865 0.594444 0.038021 0.161111
0 0.684896 0.560648 0.046875 0.115741
3 0.625521 0.529630 0.058333 0.094444
3 0.578385 0.525463 0.046354 0.075000
0 0.463021 0.537963 0.015625 0.050000
0 0.451562 0.543056 0.025000 0.050926
0 0.434896 0.544907 0.009375 0.075000
3 0.483854 0.510648 0.020833 0.052778
3 0.499219 0.515278 0.015104 0.049074
3 0.516927 0.516667 0.023438 0.061111
4 0.541667 0.497222 0.030208 0.075926
0 0.021094 0.745833 0.041146 0.508333
