7 0.231250 0.671296 0.117708 0.233333
7 0.297396 0.603704 0.081250 0.111111
0 0.058073 0.586574 0.019271 0.212037
3 0.127083 0.569444 0.116667 0.201852
0 0.330469 0.517130 0.018229 0.060185
3 0.366146 0.502315 0.018750 0.043519
7 0.390104 0.524074 0.018750 0.038889
6 0.417448 0.513426 0.027604 0.045370
3 0.453906 0.505556 0.020313 0.061111
0 0.485677 0.517130 0.008854 0.045370
3 0.891927 0.718981 0.216146 0.562037
3 0.690625 0.544907 0.094792 0.121296
5 0.550000 0.552778 0.053125 0.046296
2 0.605208 0.561111 0.035417 0.038889
