3 0.390885 0.734259 0.185938 0.377778
0 0.196615 0.706944 0.058854 0.247222
7 0.139063 0.712037 0.135417 0.166667
0 0.232552 0.681019 0.030729 0.197222
0 0.255469 0.667130 0.024479 0.147222
4 0.840365 0.583796 0.319271 0.832407
5 0.509635 0.673611 0.071354 0.143519
0 0.597396 0.693981 0.019792 0.108333
7 0.580729 0.701389 0.025000 0.102778
0 0.634115 0.694444 0.025521 0.114815
3 0.656771 0.687963 0.032292 0.122222
7 0.302865 0.681944 0.024479 0.102778
0 0.127083 0.622685 0.032292 0.108333
0 0.023698 0.650000 0.034896 0.100000
1 0.548177 0.661574 0.020313 0.062037
