0 0.086979 0.616667 0.015625 0.092593
0 0.109115 0.618056 0.013021 0.076852
3 0.218750 0.651389 0.093750 0.152778
6 0.542708 0.643981 0.075000 0.093519
6 0.489063 0.624074 0.016667 0.027778
6 0.511198 0.622685 0.011979 0.034259
7 0.375260 0.652778 0.028646 0.037037
6 0.452604 0.626852 0.017708 0.027778
1 0.429427 0.622222 0.013021 0.027778
6 0.408333 0.624074 0.019792 0.024074
8 0.334115 0.637963 0.009896 0.025926
6 0.355208 0.622685 0.019792 0.021296
1 0.313542 0.627778 0.016667 0.046296
6 0.275781 0.626852 0.019271 0.055556
6 0.474740 0.621759 0.009896 0.019444
