0 0.676823 0.597222 0.053646 0.283333
0 0.745313 0.611111 0.046875 0.246296
0 0.810677 0.615741 0.073438 0.287037
6 0.500260 0.760185 0.344271 0.479630
0 0.288542 0.576852 0.046875 0.181481
0 0.365625 0.542593 0.013542 0.075926
0 0.380729 0.538426 0.017708 0.075000
0 0.394531 0.531019 0.015104 0.071296
3 0.422135 0.507407 0.021354 0.050000
3 0.434115 0.502315 0.022396 0.047222
3 0.459115 0.507407 0.026562 0.057407
2 0.482552 0.526852 0.030729 0.048148
2 0.483854 0.480093 0.055208 0.062037
3 0.570312 0.562500 0.092708 0.175000
