3 0.594010 0.704630 0.097396 0.240741
0 0.659115 0.689815 0.028646 0.103704
7 0.522917 0.700000 0.029167 0.105556
0 0.154167 0.716204 0.059375 0.228704
0 0.088802 0.704167 0.041146 0.200926
0 0.239583 0.684259 0.023958 0.124074
0 0.260677 0.691667 0.026562 0.129630
10 0.335938 0.654167 0.047917 0.075000
0 0.362500 0.664352 0.013542 0.058333
3 0.417448 0.660648 0.020313 0.062037
7 0.429948 0.672222 0.013021 0.042593
3 0.449740 0.658333 0.025521 0.046296
1 0.479948 0.662500 0.020313 0.062037
3 0.401823 0.655093 0.011979 0.047222
0 0.384635 0.652778 0.011979 0.042593
