4 0.122656 0.644907 0.235937 0.386111
0 0.269010 0.695370 0.034896 0.185185
3 0.443490 0.698611 0.093229 0.208333
3 0.550781 0.684259 0.052604 0.116667
3 0.494271 0.674074 0.045833 0.120370
0 0.688281 0.718519 0.039062 0.175926
0 0.717448 0.718056 0.042188 0.191667
0 0.785677 0.700000 0.038021 0.166667
12 0.312760 0.666204 0.055729 0.141667
0 0.353906 0.685185 0.013021 0.094444
0 0.882031 0.701389 0.038021 0.167593
3 0.932813 0.675926 0.084375 0.183333
0 0.969010 0.715278 0.049479 0.219444
0 0.802604 0.682407 0.023958 0.127778
