7 0.346615 0.700463 0.060937 0.175000
6 0.856510 0.688889 0.245312 0.229630
1 0.667188 0.636574 0.045833 0.099074
0 0.400521 0.608333 0.036458 0.109259
10 0.428125 0.593519 0.026042 0.057407
0 0.177604 0.634259 0.054167 0.185185
0 0.139063 0.636574 0.038542 0.169444
0 0.036198 0.595370 0.032813 0.175926
0 0.073698 0.612963 0.029687 0.142593
0 0.092448 0.613889 0.035937 0.155556
0 0.197396 0.595833 0.026042 0.108333
0 0.213542 0.596296 0.019792 0.118519
0 0.224479 0.604167 0.011458 0.089815
0 0.238802 0.604167 0.011979 0.110185
0 0.263802 0.619907 0.018229 0.086111
0 0.278906 0.616204 0.011979 0.075000
0 0.291927 0.619907 0.013021 0.097222
0 0.311458 0.618056 0.015625 0.086111
