0 0.714063 0.625463 0.029167 0.149074
11 0.447917 0.574074 0.070833 0.181481
7 0.519792 0.631944 0.037500 0.087963
10 0.526823 0.598611 0.073438 0.115741
6 0.765104 0.608333 0.062500 0.087037
6 0.860677 0.607407 0.115104 0.111111
1 0.123698 0.613426 0.092188 0.212037
3 0.253906 0.600926 0.046354 0.103704
0 0.276042 0.601389 0.012500 0.112037
0 0.216406 0.591204 0.023438 0.099074
0 0.055469 0.597222 0.036979 0.188889
0 0.013021 0.584722 0.025000 0.160185
0 0.285417 0.592593 0.016667 0.087037
6 0.393490 0.593981 0.032813 0.047222
0 0.328385 0.591204 0.008854 0.054630
7 0.354427 0.600463 0.006771 0.025000
