7 0.246875 0.718981 0.097917 0.186111
7 0.137760 0.684259 0.070312 0.127778
7 0.709115 0.634259 0.067187 0.127778
6 0.903646 0.621296 0.192708 0.179630
0 0.039844 0.693981 0.058854 0.228704
0 0.088281 0.679630 0.045312 0.229630
7 0.506250 0.614815 0.036458 0.062963
9 0.534635 0.551389 0.067187 0.123148
1 0.302604 0.599074 0.044792 0.116667
0 0.359375 0.601389 0.018750 0.087963
1 0.388021 0.590278 0.034375 0.099074
0 0.417708 0.604630 0.023958 0.081481
7 0.459635 0.591667 0.025521 0.053704
3 0.619010 0.590741 0.051562 0.101852
7 0.663021 0.587500 0.022917 0.062037
6 0.570573 0.573148 0.030729 0.050000
0 0.473698 0.576852 0.010937 0.059259
