8 0.244271 0.855093 0.204167 0.289815
0 0.084896 0.616667 0.051042 0.242593
0 0.176563 0.607407 0.061458 0.235185
0 0.337240 0.608796 0.047396 0.128704
1 0.410156 0.665741 0.035937 0.150000
7 0.357552 0.777778 0.077604 0.174074
0 0.437760 0.642130 0.018229 0.125000
0 0.453385 0.623611 0.016146 0.132407
1 0.476562 0.650926 0.034375 0.129630
1 0.504948 0.638889 0.029687 0.151852
1 0.566406 0.689815 0.107813 0.283333
1 0.669271 0.729630 0.134375 0.383333
10 0.781250 0.649074 0.120833 0.194444
0 0.946354 0.684722 0.033333 0.197222
8 0.860417 0.693981 0.035417 0.076852
