1 0.157812 0.749537 0.167708 0.356481
2 0.340365 0.702778 0.056771 0.094444
8 0.505469 0.717130 0.034896 0.108333
0 0.629687 0.738889 0.053125 0.266667
3 0.627865 0.715278 0.119271 0.265741
2 0.471094 0.687500 0.042188 0.071296
6 0.538281 0.666204 0.043229 0.075000
3 0.394792 0.650463 0.025000 0.067593
1 0.443490 0.653241 0.020313 0.052778
5 0.426302 0.647685 0.019271 0.049074
0 0.252083 0.672222 0.025000 0.098148
0 0.274479 0.677778 0.023958 0.105556
0 0.296094 0.673611 0.020313 0.097222
0 0.036198 0.733796 0.065104 0.230556
