0 0.047396 0.600926 0.014583 0.157407
0 0.065625 0.601852 0.023958 0.161111
0 0.092448 0.608333 0.030729 0.155556
7 0.191927 0.662037 0.043229 0.150000
7 0.229427 0.659722 0.028646 0.093519
7 0.265885 0.660185 0.057813 0.129630
7 0.358854 0.661574 0.042708 0.126852
1 0.386979 0.629167 0.026042 0.106481
1 0.407552 0.610185 0.026562 0.079630
7 0.439583 0.647685 0.021875 0.084259
7 0.466406 0.675926 0.041146 0.083333
3 0.515365 0.629630 0.051562 0.116667
6 0.563542 0.637037 0.054167 0.077778
6 0.693229 0.656019 0.165625 0.217593
9 0.474219 0.575000 0.048438 0.148148
0 0.816406 0.611574 0.015104 0.041667
