6 0.467969 0.656944 0.210938 0.315741
7 0.609896 0.620833 0.042708 0.093519
0 0.608594 0.564352 0.020313 0.067593
0 0.640104 0.598148 0.031250 0.161111
0 0.665104 0.604630 0.029167 0.174074
0 0.754427 0.581019 0.031771 0.150926
0 0.810417 0.590741 0.040625 0.177778
0 0.860156 0.582407 0.020313 0.155556
0 0.891146 0.586111 0.036458 0.161111
1 0.159635 0.675463 0.179688 0.495370
1 0.272135 0.601852 0.067187 0.240741
0 0.316667 0.586574 0.027083 0.130556
0 0.715365 0.571759 0.018229 0.106481
8 0.698438 0.591667 0.028125 0.068519
