1 0.828646 0.632407 0.084375 0.253704
1 0.955469 0.630556 0.089063 0.312963
0 0.680990 0.586574 0.019271 0.123148
1 0.610156 0.565278 0.031771 0.095370
1 0.562240 0.552315 0.027604 0.063889
1 0.582031 0.549537 0.019271 0.058333
1 0.378646 0.573611 0.047917 0.128704
1 0.169010 0.582407 0.117188 0.196296
1 0.256771 0.579167 0.090625 0.130556
1 0.055729 0.599537 0.104167 0.169444
1 0.313021 0.554167 0.023958 0.126852
1 0.338802 0.554630 0.027604 0.112963
0 0.758073 0.553241 0.015104 0.073148
0 0.770312 0.548611 0.014583 0.076852
0 0.782292 0.556944 0.008333 0.086111
1 0.430990 0.532870 0.017188 0.054630
1 0.456771 0.529167 0.013542 0.041667
