0 0.183854 0.693056 0.084375 0.349074
0 0.131771 0.662500 0.043750 0.282407
7 0.230990 0.684722 0.056771 0.165741
1 0.415625 0.625926 0.104167 0.292593
1 0.360417 0.609722 0.046875 0.217593
7 0.320573 0.617593 0.032813 0.083333
0 0.296094 0.594907 0.014063 0.132407
0 0.269010 0.604167 0.028646 0.136111
0 0.875000 0.691204 0.058333 0.345370
8 0.742188 0.719444 0.063542 0.264815
0 0.802865 0.631019 0.027604 0.195370
0 0.783594 0.623148 0.020313 0.174074
0 0.927083 0.627778 0.044792 0.225926
0 0.048958 0.697685 0.055208 0.258333
6 0.642969 0.602778 0.145313 0.087037
1 0.495052 0.561111 0.045312 0.077778
