7 0.372135 0.807407 0.111979 0.361111
7 0.694792 0.772685 0.087500 0.245370
6 0.835417 0.712037 0.164583 0.196296
0 0.931771 0.748611 0.056250 0.230556
0 0.975000 0.735648 0.050000 0.241667
0 0.194792 0.714815 0.062500 0.262963
0 0.128385 0.706481 0.055729 0.268519
6 0.457552 0.671759 0.048438 0.106481
3 0.506510 0.667593 0.041146 0.107407
0 0.546875 0.675463 0.021875 0.069444
0 0.306250 0.683333 0.030208 0.114815
6 0.277083 0.675000 0.062500 0.114815
0 0.611979 0.674537 0.021875 0.097222
0 0.632292 0.680556 0.021875 0.088889
