2 0.214583 0.739815 0.078125 0.151852
0 0.706250 0.728704 0.082292 0.335185
0 0.618750 0.720833 0.037500 0.293519
0 0.569792 0.707407 0.046875 0.261111
0 0.495573 0.704167 0.045312 0.175000
0 0.447656 0.700000 0.047396 0.211111
0 0.400521 0.700463 0.033333 0.221296
0 0.357552 0.676389 0.045312 0.186111
0 0.288281 0.678704 0.039062 0.138889
0 0.313281 0.670833 0.025521 0.147222
9 0.241927 0.619444 0.264062 0.187037
1 0.161719 0.673611 0.061979 0.171296
0 0.076042 0.675463 0.031250 0.145370
0 0.032813 0.674074 0.031250 0.148148
9 0.059896 0.616204 0.105208 0.245370
7 0.932552 0.790278 0.134896 0.419444
