8 0.053385 0.677315 0.052604 0.119444
6 0.208594 0.631019 0.058854 0.080556
0 0.123698 0.620370 0.016146 0.081481
1 0.329427 0.629167 0.044271 0.063889
7 0.378906 0.662037 0.042188 0.079630
0 0.980469 0.681019 0.039062 0.254630
0 0.258333 0.622685 0.011458 0.043519
0 0.297656 0.621296 0.008854 0.038889
6 0.513802 0.623148 0.023438 0.033333
7 0.484896 0.621296 0.007292 0.024074
6 0.473177 0.618056 0.013021 0.023148
6 0.448698 0.620833 0.015104 0.019444
6 0.409115 0.619907 0.014063 0.021296
1 0.350781 0.618981 0.013021 0.037963
