0 0.163281 0.637500 0.034896 0.254630
0 0.136719 0.634722 0.045312 0.241667
0 0.120052 0.560185 0.025521 0.170370
1 0.293229 0.605093 0.077083 0.226852
1 0.351562 0.583333 0.061458 0.187037
1 0.389062 0.576852 0.043750 0.151852
1 0.420052 0.540741 0.025521 0.077778
7 0.463542 0.563889 0.029167 0.068519
1 0.854427 0.634259 0.099479 0.225926
5 0.765885 0.581481 0.097396 0.118519
0 0.936458 0.618519 0.021875 0.148148
0 0.668229 0.557870 0.011458 0.075000
1 0.204687 0.609722 0.065625 0.186111
1 0.606771 0.553704 0.030208 0.066667
12 0.566667 0.541204 0.043750 0.100926
