1 0.427865 0.602778 0.072396 0.196296
1 0.481771 0.580556 0.045833 0.151852
0 0.558073 0.588889 0.024479 0.118519
0 0.711979 0.596759 0.031250 0.175000
0 0.691406 0.617593 0.030729 0.129630
0 0.724740 0.602778 0.023438 0.168519
0 0.905469 0.733796 0.106771 0.532407
6 0.864062 0.702315 0.271875 0.447222
2 0.186719 0.812963 0.342187 0.374074
0 0.353646 0.637037 0.036458 0.233333
0 0.101823 0.636111 0.067187 0.312963
0 0.278906 0.566204 0.034896 0.134259
0 0.188542 0.614352 0.084375 0.230556
0 0.517708 0.577315 0.013542 0.080556
1 0.385937 0.594907 0.030208 0.121296
