0 0.219792 0.550463 0.032292 0.134259
3 0.287760 0.530093 0.067187 0.125000
0 0.371354 0.545370 0.030208 0.148148
7 0.717969 0.662500 0.085938 0.206481
0 0.786458 0.567593 0.022917 0.125926
3 0.926042 0.630556 0.147917 0.383333
3 0.420833 0.512037 0.048958 0.070370
3 0.459635 0.506944 0.020313 0.052778
3 0.473698 0.504167 0.021354 0.052778
7 0.491667 0.524074 0.013542 0.027778
7 0.529687 0.517593 0.015625 0.033333
3 0.561458 0.512963 0.033333 0.070370
3 0.594531 0.526389 0.038021 0.086111
2 0.663802 0.545833 0.033854 0.043519
