7 0.075260 0.809259 0.139063 0.357407
7 0.219010 0.671759 0.160938 0.156481
0 0.141667 0.557870 0.023958 0.106481
0 0.119271 0.550926 0.020833 0.118519
0 0.273958 0.516667 0.015625 0.046296
0 0.326302 0.518056 0.020313 0.073148
6 0.421615 0.521759 0.033854 0.052778
3 0.459635 0.509259 0.017188 0.064815
0 0.490885 0.518519 0.007812 0.050000
5 0.573438 0.559259 0.060417 0.055556
2 0.635156 0.567130 0.039062 0.047222
3 0.763802 0.580093 0.133854 0.186111
3 0.365365 0.504630 0.022396 0.046296
7 0.385417 0.523611 0.016667 0.034259
