7 0.212500 0.689352 0.105208 0.223148
7 0.281250 0.606481 0.097917 0.120370
0 0.027083 0.590278 0.029167 0.219444
3 0.108333 0.588426 0.133333 0.213889
0 0.175781 0.539352 0.018229 0.082407
0 0.286719 0.512500 0.016146 0.043519
0 0.330729 0.516204 0.014583 0.062037
3 0.367188 0.502315 0.019792 0.049074
7 0.387760 0.518519 0.020313 0.035185
6 0.415625 0.513889 0.023958 0.048148
3 0.454427 0.512500 0.024479 0.043519
0 0.485677 0.515741 0.013021 0.042593
5 0.558594 0.553241 0.056771 0.058333
3 0.703125 0.556944 0.089583 0.149074
