0 0.103646 0.629630 0.039583 0.303704
0 0.159635 0.609259 0.041146 0.211111
7 0.288281 0.640278 0.042188 0.165741
1 0.425260 0.564815 0.045312 0.107407
7 0.528646 0.581944 0.038542 0.049074
7 0.664583 0.716667 0.108333 0.179630
0 0.719271 0.637963 0.026042 0.209259
0 0.628906 0.575000 0.027604 0.114815
6 0.907292 0.697222 0.185417 0.303704
1 0.782552 0.588889 0.047396 0.129630
1 0.065885 0.571759 0.051562 0.162037
0 0.257292 0.533796 0.016667 0.065741
0 0.372917 0.543981 0.026042 0.078704
0 0.454688 0.533333 0.016667 0.055556
3 0.589323 0.557870 0.031771 0.073148
