0 0.330729 0.582870 0.035417 0.156481
6 0.551823 0.769907 0.323437 0.445370
0 0.672656 0.592593 0.050521 0.227778
0 0.732292 0.614815 0.046875 0.216667
0 0.812240 0.636111 0.047396 0.235185
0 0.420573 0.530093 0.013021 0.076852
0 0.390104 0.543056 0.017708 0.067593
0 0.400521 0.538426 0.013542 0.065741
0 0.407031 0.532407 0.009896 0.075926
3 0.436458 0.509722 0.025000 0.052778
3 0.454948 0.514815 0.025521 0.050000
3 0.474740 0.514815 0.023438 0.053704
2 0.497656 0.525463 0.021354 0.047222
4 0.506510 0.506944 0.065104 0.112037
3 0.589063 0.533333 0.069792 0.101852
3 0.539583 0.521296 0.035417 0.087037
