0 0.087500 0.616204 0.034375 0.202778
0 0.130990 0.601389 0.039062 0.182407
7 0.152865 0.630556 0.044271 0.112963
6 0.616667 0.650463 0.193750 0.249074
9 0.416667 0.534259 0.072917 0.175926
0 0.015885 0.638889 0.030729 0.257407
0 0.064583 0.575000 0.023958 0.177778
1 0.177865 0.589815 0.042188 0.142593
1 0.218229 0.585185 0.042708 0.120370
3 0.261198 0.572685 0.036979 0.087963
7 0.354427 0.578241 0.013021 0.041667
8 0.321354 0.576389 0.014583 0.032407
1 0.289323 0.558796 0.016146 0.049074
0 0.736198 0.593056 0.027604 0.132407
0 0.716406 0.585648 0.020313 0.125000
0 0.470833 0.577315 0.015625 0.041667
0 0.987760 0.614352 0.024479 0.213889
10 0.879948 0.582407 0.140104 0.138889
