10 0.058854 0.637037 0.107292 0.192593
3 0.351042 0.635185 0.045833 0.094444
6 0.246094 0.631019 0.060937 0.082407
6 0.289844 0.628704 0.035937 0.050000
9 0.312500 0.597685 0.050000 0.100926
7 0.432031 0.644907 0.018229 0.049074
6 0.673958 0.669907 0.139583 0.156481
6 0.531250 0.625000 0.018750 0.029630
6 0.504948 0.619444 0.011979 0.022222
6 0.476042 0.620370 0.012500 0.022222
1 0.456250 0.620370 0.011458 0.020370
8 0.392969 0.626389 0.009896 0.017593
6 0.416406 0.620370 0.013021 0.016667
6 0.403906 0.620833 0.007812 0.019444
