0 0.209375 0.761574 0.067708 0.343519
0 0.174219 0.712500 0.049479 0.250926
4 0.265885 0.656481 0.102604 0.168519
0 0.332031 0.676852 0.020313 0.124074
3 0.416927 0.697222 0.095312 0.205556
3 0.524219 0.691204 0.068229 0.160185
7 0.594271 0.729167 0.054167 0.158333
0 0.703125 0.700463 0.030208 0.121296
5 0.890625 0.685185 0.148958 0.190741
0 0.803125 0.704167 0.025000 0.126852
3 0.774740 0.688889 0.025521 0.118519
0 0.628906 0.675463 0.026562 0.084259
0 0.673438 0.689815 0.023958 0.105556
0 0.656510 0.674537 0.018229 0.087963
5 0.348177 0.657870 0.025521 0.099074
3 0.481510 0.666204 0.022396 0.063889
