0 0.148698 0.705093 0.117188 0.443519
3 0.372135 0.750000 0.147396 0.398148
0 0.287760 0.693056 0.018229 0.360185
6 0.643490 0.777778 0.347396 0.444444
3 0.888802 0.716667 0.222396 0.488889
0 0.736979 0.581481 0.026042 0.118519
0 0.698177 0.551389 0.036979 0.104630
3 0.600260 0.542593 0.055729 0.103704
3 0.645052 0.533333 0.043229 0.083333
0 0.460938 0.547685 0.016667 0.065741
0 0.470833 0.548611 0.018750 0.060185
0 0.483073 0.533333 0.014063 0.053704
3 0.521875 0.520833 0.018750 0.054630
3 0.503385 0.517130 0.019271 0.039815
3 0.540365 0.523611 0.024479 0.049074
4 0.569010 0.500000 0.043229 0.090741
