9 0.100521 0.567130 0.200000 0.237963
0 0.210156 0.620370 0.008854 0.051852
0 0.222135 0.625000 0.010937 0.062963
3 0.280729 0.652315 0.078125 0.132407
7 0.391927 0.648611 0.025521 0.054630
6 0.569792 0.643981 0.078125 0.097222
8 0.358594 0.634259 0.014063 0.022222
6 0.417187 0.619907 0.016667 0.023148
1 0.438281 0.621759 0.015104 0.030556
6 0.460156 0.623148 0.015104 0.022222
6 0.480729 0.621296 0.010417 0.016667
6 0.494010 0.621759 0.015104 0.023148
6 0.514583 0.623148 0.021875 0.022222
6 0.373177 0.621296 0.013021 0.022222
