12 0.252865 0.556019 0.098437 0.175000
7 0.326823 0.591204 0.044271 0.100926
7 0.461198 0.656019 0.066146 0.212037
12 0.376302 0.536111 0.047396 0.090741
1 0.911979 0.717130 0.176042 0.491667
1 0.628646 0.558333 0.047917 0.133333
1 0.707292 0.582407 0.066667 0.150000
0 0.756510 0.573148 0.021354 0.094444
0 0.737760 0.570370 0.019271 0.112963
1 0.516406 0.543519 0.024479 0.064815
1 0.491927 0.540278 0.025521 0.060185
0 0.655990 0.550463 0.015104 0.071296
7 0.539844 0.544907 0.015104 0.037963
3 0.572656 0.534259 0.023438 0.059259
