0 0.087500 0.611574 0.041667 0.225000
0 0.137500 0.597685 0.026042 0.162037
0 0.162760 0.595833 0.021354 0.154630
7 0.186198 0.614815 0.034896 0.083333
1 0.240365 0.573148 0.043229 0.107407
3 0.272396 0.567593 0.031250 0.083333
9 0.418490 0.530556 0.072396 0.161111
1 0.295573 0.554167 0.014063 0.043519
8 0.323958 0.570833 0.012500 0.037963
7 0.355208 0.574537 0.015625 0.034259
6 0.632031 0.660648 0.210938 0.256481
6 0.515365 0.587500 0.038021 0.086111
10 0.841667 0.581944 0.122917 0.123148
0 0.916406 0.592593 0.034896 0.142593
7 0.948177 0.611111 0.027604 0.079630
0 0.113802 0.558796 0.021354 0.143519
8 0.472396 0.570370 0.013542 0.027778
