10 0.497656 0.582870 0.130729 0.243519
3 0.348958 0.558333 0.063542 0.124074
7 0.397135 0.582407 0.036979 0.109259
0 0.103385 0.706481 0.103646 0.459259
0 0.692708 0.593519 0.052083 0.101852
0 0.778906 0.612500 0.028646 0.189815
0 0.626042 0.529630 0.019792 0.124074
0 0.650260 0.550000 0.023438 0.105556
0 0.881510 0.552315 0.025521 0.091667
4 0.881510 0.500463 0.116146 0.132407
3 0.736979 0.535648 0.043750 0.078704
0 0.585677 0.530093 0.013021 0.087963
0 0.569010 0.525463 0.015104 0.106481
0 0.214844 0.544444 0.018229 0.094444
0 0.234896 0.538889 0.018750 0.085185
0 0.863021 0.682870 0.080208 0.191667
