0 0.876823 0.771296 0.094271 0.420370
0 0.779687 0.781944 0.084375 0.436111
0 0.739583 0.749074 0.060417 0.361111
9 0.826042 0.616204 0.347917 0.384259
0 0.978906 0.773611 0.042188 0.412037
0 0.429167 0.684259 0.047917 0.188889
0 0.380990 0.722222 0.081771 0.292593
9 0.473958 0.607870 0.336458 0.250926
0 0.127083 0.706019 0.047917 0.262037
9 0.234375 0.593056 0.119792 0.293519
0 0.018229 0.687500 0.026042 0.206481
0 0.037760 0.688889 0.026562 0.212963
1 0.091146 0.663889 0.079167 0.231481
0 0.644271 0.668981 0.026042 0.169444
