0 0.672917 0.601389 0.057292 0.282407
0 0.737760 0.624537 0.049479 0.239815
0 0.804427 0.622222 0.070312 0.292593
6 0.510938 0.768056 0.295833 0.456481
3 0.576823 0.554630 0.084896 0.179630
0 0.307812 0.587963 0.036458 0.174074
0 0.355990 0.542593 0.016146 0.072222
0 0.374219 0.539352 0.018229 0.065741
0 0.386198 0.539815 0.011979 0.070370
0 0.403385 0.534722 0.015104 0.078704
3 0.462240 0.510648 0.024479 0.062037
3 0.441406 0.507870 0.025521 0.058333
3 0.423958 0.507870 0.017708 0.052778
2 0.485938 0.529167 0.029167 0.047222
