0 0.105208 0.725926 0.137500 0.548148
0 0.211979 0.735185 0.098958 0.529630
0 0.340625 0.677315 0.059375 0.260185
7 0.678125 0.755093 0.133333 0.228704
0 0.465104 0.671296 0.050000 0.194444
1 0.492969 0.652778 0.061979 0.207407
0 0.423177 0.625926 0.032813 0.129630
0 0.292448 0.643519 0.030729 0.135185
5 0.302865 0.580093 0.039062 0.080556
0 0.361198 0.566667 0.022396 0.061111
0 0.382552 0.568519 0.015104 0.062963
0 0.391667 0.570370 0.016667 0.064815
0 0.706510 0.613426 0.047396 0.115741
0 0.565625 0.684259 0.031250 0.135185
