7 0.329167 0.683796 0.070833 0.163889
7 0.763542 0.669907 0.097917 0.165741
6 0.884635 0.618056 0.189062 0.184259
1 0.161198 0.660185 0.089063 0.237037
7 0.476302 0.624074 0.049479 0.064815
3 0.570833 0.593519 0.047917 0.096296
7 0.616667 0.596759 0.021875 0.050926
7 0.421354 0.600463 0.017708 0.036111
0 0.383854 0.600000 0.026042 0.059259
0 0.237760 0.635185 0.023438 0.118519
0 0.217708 0.639352 0.028125 0.128704
7 0.269531 0.640278 0.039062 0.093519
1 0.101302 0.646296 0.061979 0.150000
0 0.013021 0.637963 0.022917 0.201852
9 0.491927 0.562037 0.058854 0.109259
