0 0.246094 0.588889 0.051562 0.198148
0 0.309896 0.543519 0.021875 0.111111
1 0.288021 0.543056 0.052083 0.104630
7 0.379948 0.583333 0.040104 0.103704
6 0.565365 0.570833 0.099479 0.126852
3 0.630990 0.529167 0.028646 0.091667
3 0.666146 0.523148 0.040625 0.087037
3 0.745313 0.531019 0.055208 0.067593
0 0.450000 0.531019 0.028125 0.082407
3 0.475260 0.531481 0.023438 0.088889
0 0.514323 0.538426 0.014063 0.065741
0 0.525000 0.530093 0.015625 0.084259
3 0.496354 0.529630 0.019792 0.075926
3 0.696875 0.534722 0.018750 0.073148
