9 0.074219 0.559259 0.145313 0.324074
0 0.175781 0.616667 0.016146 0.079630
0 0.191927 0.625463 0.013021 0.071296
3 0.263802 0.650463 0.090104 0.150926
7 0.386979 0.649074 0.017708 0.051852
6 0.557292 0.643056 0.063542 0.082407
1 0.336458 0.623148 0.013542 0.037037
8 0.351823 0.636111 0.014063 0.024074
1 0.435417 0.622685 0.011458 0.030556
6 0.456250 0.621759 0.017708 0.030556
6 0.492188 0.621296 0.014583 0.024074
6 0.513281 0.623148 0.020313 0.027778
6 0.478646 0.622222 0.010417 0.018519
6 0.366927 0.619907 0.011979 0.021296
