0 0.183073 0.557870 0.030729 0.110185
0 0.141667 0.567593 0.021875 0.098148
0 0.158854 0.574537 0.018750 0.087963
2 0.359635 0.600000 0.052604 0.066667
1 0.390104 0.557870 0.030208 0.082407
1 0.416927 0.551389 0.020313 0.080556
1 0.435677 0.549537 0.023438 0.076852
3 0.466146 0.539815 0.017708 0.042593
1 0.690104 0.583333 0.045833 0.122222
1 0.651823 0.569444 0.033854 0.096296
1 0.609635 0.560185 0.027604 0.083333
1 0.573177 0.546296 0.020313 0.059259
1 0.550781 0.538889 0.015104 0.040741
1 0.537500 0.534259 0.016667 0.057407
