0 0.378385 0.642130 0.056771 0.219444
2 0.207813 0.725000 0.130208 0.192593
2 0.433594 0.629167 0.028646 0.069444
1 0.542708 0.593056 0.036458 0.097222
1 0.582812 0.591667 0.016667 0.068519
1 0.605469 0.592130 0.020313 0.073148
1 0.647917 0.601852 0.030208 0.083333
0 0.724479 0.612037 0.025000 0.111111
8 0.782292 0.643056 0.030208 0.080556
8 0.847917 0.661574 0.046875 0.099074
8 0.742448 0.635185 0.020313 0.064815
0 0.680208 0.593519 0.012500 0.051852
0 0.703646 0.603704 0.012500 0.064815
1 0.693490 0.592593 0.008854 0.061111
7 0.569010 0.602315 0.014063 0.041667
