3 0.360938 0.726389 0.176042 0.430556
0 0.107031 0.721296 0.093229 0.477778
6 0.642708 0.777778 0.354167 0.444444
3 0.895833 0.712963 0.208333 0.566667
0 0.732031 0.571296 0.025521 0.137037
0 0.693229 0.550463 0.030208 0.099074
3 0.636979 0.530556 0.051042 0.088889
3 0.596094 0.533796 0.041146 0.084259
0 0.455469 0.543981 0.009896 0.062037
0 0.465365 0.537037 0.014063 0.059259
3 0.498437 0.513889 0.026042 0.053704
3 0.516927 0.521296 0.023438 0.044444
3 0.536198 0.517593 0.023438 0.053704
4 0.559896 0.507870 0.037500 0.097222
0 0.764583 0.591667 0.023958 0.107407
