7 0.292187 0.712037 0.092708 0.166667
7 0.697656 0.637963 0.061979 0.124074
6 0.890365 0.616667 0.219271 0.194444
7 0.638281 0.596759 0.035937 0.049074
3 0.589063 0.590278 0.050000 0.084259
7 0.475260 0.611574 0.020313 0.063889
9 0.503385 0.555093 0.066146 0.136111
7 0.430208 0.598148 0.018750 0.040741
0 0.398698 0.606019 0.023438 0.067593
0 0.108594 0.677315 0.047396 0.158333
0 0.148698 0.674074 0.042188 0.198148
7 0.216406 0.663889 0.063021 0.116667
0 0.345833 0.601852 0.021875 0.092593
1 0.366146 0.593519 0.030208 0.092593
