0 0.278906 0.672222 0.066146 0.300000
0 0.219531 0.711111 0.045312 0.216667
0 0.945312 0.738889 0.109375 0.468519
2 0.884635 0.725926 0.130729 0.248148
0 0.720833 0.606481 0.054167 0.229630
0 0.691146 0.583333 0.022917 0.168519
0 0.653646 0.571296 0.036458 0.183333
0 0.620573 0.559722 0.027604 0.130556
0 0.589063 0.540278 0.026042 0.100926
0 0.572396 0.533333 0.023958 0.092593
6 0.505729 0.539815 0.057292 0.100000
6 0.552083 0.496296 0.027083 0.044444
0 0.438021 0.546296 0.032292 0.103704
0 0.361458 0.560185 0.029167 0.133333
2 0.088542 0.742130 0.176042 0.308333
6 0.400260 0.540278 0.052604 0.099074
