7 0.061198 0.819444 0.121354 0.361111
7 0.211198 0.680093 0.155729 0.186111
0 0.135937 0.558796 0.023958 0.113889
0 0.116406 0.555093 0.018229 0.110185
0 0.275000 0.515741 0.014583 0.048148
0 0.323698 0.520370 0.015104 0.066667
5 0.574219 0.561111 0.052604 0.066667
3 0.771354 0.571759 0.144792 0.193519
2 0.640625 0.568056 0.042708 0.052778
6 0.420833 0.518056 0.029167 0.056481
7 0.384635 0.522685 0.011979 0.028704
3 0.459375 0.512500 0.016667 0.050926
0 0.491667 0.518519 0.009375 0.042593
3 0.364063 0.507407 0.021875 0.044444
