3 0.241667 0.702778 0.106250 0.214815
0 0.929948 0.750463 0.079687 0.289815
4 0.897396 0.587037 0.193750 0.368519
3 0.428125 0.669444 0.042708 0.111111
6 0.462240 0.664352 0.031771 0.062037
0 0.074740 0.718519 0.041146 0.179630
0 0.113021 0.712037 0.031250 0.179630
0 0.137500 0.702315 0.023958 0.176852
0 0.163281 0.693981 0.015104 0.123148
2 0.306771 0.687500 0.037500 0.052778
0 0.182292 0.689352 0.018750 0.087963
3 0.338281 0.654167 0.022396 0.049074
8 0.392188 0.670833 0.013542 0.047222
3 0.354427 0.653241 0.013021 0.039815
2 0.378385 0.665278 0.014063 0.037963
