10 0.340104 0.755093 0.202083 0.310185
6 0.471615 0.716204 0.079687 0.191667
6 0.612500 0.725463 0.106250 0.163889
0 0.539844 0.698148 0.032813 0.185185
0 0.096615 0.735648 0.035937 0.187963
7 0.051302 0.762037 0.061979 0.127778
0 0.806510 0.712500 0.058854 0.250926
7 0.843490 0.723148 0.045312 0.157407
7 0.730208 0.710185 0.032292 0.083333
1 0.670833 0.679630 0.046875 0.138889
0 0.013802 0.713426 0.025521 0.176852
5 0.192188 0.736111 0.109375 0.211111
6 0.877604 0.696296 0.055208 0.142593
1 0.932292 0.684722 0.058333 0.197222
