0 0.640885 0.587037 0.043229 0.201852
3 0.857292 0.683796 0.285417 0.578704
2 0.687500 0.628241 0.052083 0.112037
0 0.198437 0.590741 0.038542 0.225926
2 0.251042 0.613426 0.100000 0.169444
0 0.156510 0.582407 0.046354 0.162963
0 0.370312 0.566667 0.030208 0.142593
0 0.344010 0.587963 0.026562 0.088889
6 0.488021 0.537963 0.070833 0.103704
0 0.434115 0.534722 0.027604 0.087963
6 0.398958 0.519907 0.052083 0.082407
0 0.554427 0.512963 0.020313 0.085185
0 0.566406 0.524537 0.011979 0.084259
0 0.602865 0.554630 0.017188 0.125926
0 0.620313 0.547222 0.021875 0.118519
3 0.532813 0.497222 0.018750 0.050000
0 0.448177 0.517593 0.009896 0.068519
