0 0.197135 0.653241 0.057813 0.262037
0 0.095052 0.675000 0.063021 0.231481
1 0.398177 0.650000 0.121354 0.344444
0 0.601823 0.626389 0.052604 0.223148
1 0.846615 0.683333 0.258854 0.457407
0 0.685156 0.625000 0.033854 0.179630
0 0.286979 0.608796 0.026042 0.115741
0 0.530208 0.575926 0.017708 0.077778
0 0.262760 0.601389 0.019271 0.100926
0 0.241667 0.617593 0.021875 0.122222
7 0.311719 0.598611 0.014063 0.045370
1 0.337500 0.611574 0.048958 0.226852
0 0.450260 0.592130 0.007812 0.062037
0 0.943490 0.693519 0.047396 0.120370
