0 0.013021 0.598611 0.025000 0.223148
7 0.077865 0.650926 0.056771 0.159259
1 0.189844 0.599537 0.053646 0.137963
11 0.422656 0.575000 0.073438 0.170370
7 0.498958 0.633796 0.030208 0.084259
0 0.541927 0.607407 0.015104 0.107407
6 0.597135 0.606019 0.040104 0.067593
0 0.247135 0.602778 0.008854 0.087037
0 0.226823 0.589815 0.007812 0.088889
3 0.258594 0.595833 0.033854 0.089815
6 0.352083 0.595833 0.023958 0.030556
10 0.503906 0.598148 0.063021 0.092593
0 0.138802 0.593981 0.016146 0.115741
0 0.085417 0.575463 0.028125 0.086111
0 0.306510 0.596296 0.008854 0.051852
7 0.327604 0.604167 0.009375 0.034259
