7 0.289844 0.708796 0.106771 0.175000
7 0.695833 0.638426 0.075000 0.126852
6 0.892969 0.616667 0.214062 0.203704
7 0.480208 0.612963 0.032292 0.064815
9 0.507031 0.549074 0.068229 0.124074
3 0.591667 0.583333 0.051042 0.079630
7 0.640365 0.597222 0.020313 0.057407
7 0.207552 0.661574 0.064062 0.108333
0 0.098698 0.676389 0.035937 0.186111
0 0.136458 0.669907 0.039583 0.195370
7 0.067187 0.647685 0.038542 0.119444
0 0.348958 0.606944 0.017708 0.086111
1 0.372396 0.599074 0.033333 0.083333
0 0.396354 0.601389 0.023958 0.073148
7 0.433854 0.594444 0.015625 0.048148
