0 0.114583 0.621759 0.014583 0.078704
0 0.134896 0.625000 0.014583 0.077778
3 0.232552 0.658333 0.084896 0.159259
7 0.376823 0.646296 0.018229 0.046296
6 0.282813 0.625463 0.015625 0.054630
1 0.319271 0.628241 0.015625 0.043519
8 0.339323 0.640741 0.013021 0.022222
6 0.357292 0.623148 0.014583 0.025926
6 0.409375 0.621296 0.017708 0.024074
1 0.431510 0.623148 0.009896 0.029630
6 0.454688 0.625000 0.016667 0.024074
6 0.546615 0.639815 0.063021 0.079630
6 0.489323 0.625000 0.017188 0.020370
6 0.511458 0.621759 0.015625 0.026852
6 0.475781 0.623611 0.010937 0.023148
