0 0.057813 0.725000 0.100000 0.477778
0 0.148177 0.649074 0.036979 0.229630
1 0.201823 0.618056 0.098437 0.199074
1 0.397396 0.652315 0.129167 0.369444
1 0.333333 0.615741 0.047917 0.227778
0 0.787240 0.666667 0.076563 0.351852
0 0.713281 0.630093 0.043229 0.178704
0 0.685677 0.612963 0.027604 0.170370
0 0.667969 0.587037 0.023438 0.159259
0 0.618490 0.585185 0.035937 0.120370
1 0.961979 0.662037 0.076042 0.414815
0 0.266927 0.622685 0.023438 0.137963
0 0.277865 0.581944 0.014063 0.102778
7 0.304167 0.596296 0.011458 0.051852
