7 0.126302 0.758796 0.169271 0.399074
0 0.175260 0.587037 0.077604 0.333333
0 0.242188 0.612037 0.061458 0.296296
0 0.325781 0.609722 0.036979 0.252778
0 0.659635 0.695370 0.092188 0.446296
0 0.739844 0.669444 0.094271 0.496296
0 0.920573 0.637963 0.158854 0.724074
0 0.591406 0.649074 0.055729 0.346296
0 0.513281 0.579630 0.043229 0.214815
0 0.357812 0.568981 0.029167 0.134259
0 0.378385 0.563889 0.026562 0.131481
7 0.412760 0.575463 0.034896 0.076852
0 0.429948 0.553704 0.015104 0.088889
0 0.446615 0.559722 0.017188 0.060185
0 0.456771 0.553241 0.016667 0.076852
