6 0.553646 0.569444 0.089583 0.159259
3 0.616927 0.537037 0.041146 0.122222
7 0.312500 0.641667 0.094792 0.177778
3 0.268229 0.566667 0.078125 0.211111
0 0.103906 0.576852 0.019271 0.174074
1 0.046354 0.578704 0.083333 0.231481
1 0.222917 0.563426 0.034375 0.147222
3 0.368490 0.534259 0.049479 0.142593
3 0.405208 0.534722 0.030208 0.110185
3 0.440885 0.533796 0.027604 0.091667
1 0.464323 0.546296 0.015104 0.096296
0 0.483073 0.536574 0.014063 0.091667
3 0.685937 0.538889 0.063542 0.088889
3 0.830469 0.554630 0.089063 0.098148
3 0.770573 0.543056 0.040104 0.089815
7 0.736198 0.566667 0.023438 0.053704
3 0.952083 0.549074 0.065625 0.109259
3 0.889323 0.550463 0.054688 0.102778
