7 0.703385 0.655093 0.073438 0.128704
6 0.881771 0.615278 0.219792 0.200926
3 0.576042 0.598611 0.051042 0.091667
7 0.628385 0.593519 0.019271 0.075926
7 0.307031 0.695833 0.072396 0.147222
0 0.151042 0.660185 0.050000 0.140741
0 0.182552 0.662963 0.035937 0.157407
7 0.258073 0.645833 0.044271 0.123148
1 0.370833 0.593056 0.031250 0.082407
7 0.466927 0.612963 0.033854 0.057407
9 0.488542 0.556019 0.068750 0.121296
0 0.346615 0.600463 0.023438 0.067593
7 0.076823 0.706481 0.071354 0.146296
7 0.421094 0.596296 0.015104 0.050000
