0 0.320052 0.578704 0.030729 0.188889
6 0.540365 0.765278 0.324479 0.463889
0 0.669792 0.596296 0.057292 0.235185
0 0.732292 0.607870 0.047917 0.210185
0 0.804167 0.625926 0.042708 0.292593
3 0.577604 0.529167 0.076042 0.121296
3 0.434115 0.510185 0.020313 0.053704
3 0.448177 0.511111 0.018229 0.042593
3 0.466667 0.507407 0.022917 0.051852
2 0.491667 0.533796 0.026042 0.047222
4 0.496875 0.496296 0.051042 0.083333
0 0.413281 0.533333 0.004687 0.062963
0 0.397135 0.535648 0.016146 0.069444
0 0.385417 0.545833 0.016667 0.073148
0 0.366146 0.543056 0.017708 0.075000
