6 0.310417 0.572685 0.085417 0.126852
0 0.166927 0.612500 0.054688 0.228704
0 0.104948 0.635648 0.052604 0.280556
3 0.436198 0.548611 0.060937 0.150926
3 0.512760 0.584259 0.084896 0.211111
3 0.657292 0.662037 0.201042 0.390741
6 0.918490 0.624074 0.163021 0.344444
7 0.373437 0.543519 0.020833 0.057407
0 0.229948 0.546759 0.020313 0.084259
3 0.244010 0.526389 0.023438 0.075000
0 0.269531 0.506481 0.006771 0.055556
0 0.275521 0.510648 0.008333 0.045370
0 0.319531 0.498148 0.011979 0.031481
0 0.363802 0.523611 0.011979 0.076852
