0 0.569010 0.717130 0.052604 0.234259
3 0.590104 0.719444 0.113542 0.264815
8 0.491146 0.706481 0.034375 0.105556
1 0.172917 0.733333 0.128125 0.316667
2 0.339844 0.703241 0.054688 0.084259
0 0.069010 0.722685 0.056771 0.175000
0 0.255469 0.668981 0.023438 0.087963
0 0.273698 0.672685 0.021354 0.112037
3 0.392708 0.652315 0.020833 0.056481
2 0.460938 0.678241 0.030208 0.049074
1 0.436719 0.652778 0.018229 0.051852
5 0.422656 0.645833 0.014063 0.054630
0 0.292708 0.671759 0.020833 0.089815
7 0.371875 0.661111 0.009375 0.024074
6 0.523958 0.663426 0.029167 0.069444
