7 0.283333 0.652315 0.101042 0.210185
3 0.229427 0.574074 0.071354 0.225926
3 0.183073 0.566667 0.056771 0.181481
3 0.346094 0.537037 0.073438 0.168519
3 0.411458 0.527315 0.042708 0.099074
0 0.449479 0.539815 0.019792 0.100000
0 0.462760 0.533333 0.010937 0.083333
0 0.476823 0.532870 0.015104 0.099074
6 0.537240 0.577778 0.099479 0.144444
3 0.608854 0.537037 0.042708 0.122222
3 0.695312 0.546759 0.069792 0.104630
3 0.641667 0.540741 0.023958 0.085185
3 0.774219 0.546759 0.058854 0.102778
3 0.865365 0.553241 0.103646 0.134259
3 0.925000 0.559259 0.052083 0.122222
