3 0.721875 0.654167 0.206250 0.387963
7 0.279427 0.622222 0.092188 0.172222
7 0.323437 0.588426 0.062500 0.108333
0 0.116667 0.569907 0.022917 0.184259
7 0.029167 0.614815 0.057292 0.170370
3 0.178125 0.556481 0.095833 0.177778
0 0.296354 0.511574 0.016667 0.049074
0 0.337760 0.514352 0.015104 0.060185
3 0.369531 0.505093 0.014063 0.036111
7 0.392448 0.520833 0.015104 0.025000
6 0.419010 0.508333 0.024479 0.046296
3 0.451302 0.509259 0.016146 0.059259
0 0.484115 0.517130 0.006771 0.034259
5 0.550000 0.548611 0.052083 0.049074
