0 0.090104 0.626852 0.031250 0.150000
1 0.219271 0.649074 0.077083 0.177778
7 0.343750 0.674537 0.058333 0.173148
7 0.475781 0.614352 0.029687 0.060185
3 0.570573 0.587500 0.038021 0.091667
7 0.611979 0.600000 0.020833 0.051852
7 0.803385 0.677315 0.111979 0.206481
6 0.903646 0.621296 0.128125 0.187037
9 0.489844 0.563426 0.065104 0.123148
7 0.420052 0.609722 0.019271 0.039815
0 0.383073 0.600463 0.014063 0.060185
7 0.298438 0.625463 0.035417 0.078704
0 0.258594 0.634259 0.014063 0.111111
1 0.153385 0.631481 0.046354 0.111111
