0 0.144792 0.599537 0.029167 0.169444
6 0.641146 0.660185 0.228125 0.294444
6 0.520052 0.585185 0.047396 0.112963
10 0.801562 0.581481 0.104167 0.105556
9 0.422135 0.525000 0.076563 0.175926
0 0.173177 0.591204 0.021354 0.136111
0 0.197396 0.587037 0.019792 0.137037
1 0.258854 0.574537 0.035417 0.100926
3 0.285417 0.566667 0.023958 0.064815
8 0.327344 0.568519 0.007812 0.029630
7 0.359115 0.571296 0.008854 0.040741
9 0.340885 0.525926 0.027604 0.088889
0 0.863281 0.587963 0.028646 0.135185
7 0.901563 0.600926 0.025000 0.072222
9 0.918490 0.565741 0.163021 0.151852
8 0.122396 0.575926 0.016667 0.090741
