0 0.329948 0.585185 0.036979 0.187037
0 0.218490 0.597222 0.044271 0.211111
0 0.362760 0.599537 0.024479 0.173148
0 0.382031 0.553241 0.027604 0.150926
0 0.419271 0.555556 0.028125 0.148148
6 0.496875 0.580556 0.111458 0.172222
3 0.591927 0.523148 0.054688 0.133333
3 0.683333 0.575000 0.097917 0.216667
2 0.804948 0.668519 0.145313 0.209259
4 0.944531 0.568056 0.110937 0.286111
3 0.539323 0.512963 0.044271 0.100000
0 0.454167 0.492593 0.012500 0.042593
0 0.427344 0.488889 0.009896 0.048148
0 0.495833 0.486574 0.009375 0.045370
