1 0.216146 0.697222 0.159375 0.429630
8 0.339844 0.618519 0.030729 0.124074
7 0.482552 0.611574 0.029687 0.115741
1 0.407552 0.559259 0.043229 0.100000
1 0.048698 0.658796 0.095312 0.304630
1 0.110156 0.641204 0.045312 0.230556
0 0.297917 0.563426 0.023958 0.102778
7 0.713021 0.598148 0.029167 0.061111
0 0.763802 0.584722 0.015104 0.095370
0 0.923177 0.619444 0.029687 0.137037
0 0.782552 0.591667 0.016146 0.109259
0 0.795833 0.589352 0.014583 0.108333
0 0.866146 0.610648 0.018750 0.121296
0 0.890625 0.609722 0.033333 0.110185
8 0.931771 0.650463 0.067708 0.082407
