0 0.243229 0.669444 0.077083 0.225926
7 0.466406 0.680093 0.043229 0.145370
1 0.393490 0.635648 0.131771 0.182407
1 0.576823 0.654167 0.103646 0.260185
7 0.795052 0.726852 0.143229 0.231481
0 0.069271 0.735648 0.079167 0.502778
3 0.311198 0.627778 0.069271 0.112963
1 0.170313 0.620833 0.028125 0.076852
0 0.137240 0.629167 0.017188 0.060185
1 0.682031 0.644444 0.082812 0.214815
0 0.963021 0.685648 0.073958 0.313889
0 0.904167 0.670370 0.053125 0.244444
1 0.850000 0.647222 0.067708 0.237037
7 0.627344 0.678241 0.040104 0.126852
