6 0.468750 0.739815 0.340625 0.442593
3 0.572917 0.567130 0.087500 0.212037
0 0.700000 0.625463 0.070833 0.299074
0 0.769010 0.637037 0.044271 0.268519
0 0.825521 0.640741 0.082292 0.294444
0 0.271094 0.597685 0.041146 0.200926
0 0.338542 0.541204 0.018750 0.084259
0 0.358594 0.542130 0.010937 0.069444
0 0.372656 0.535185 0.015104 0.074074
0 0.394010 0.528704 0.018229 0.062963
3 0.411198 0.506019 0.016146 0.043519
3 0.432812 0.505093 0.026042 0.058333
3 0.454167 0.510185 0.026042 0.061111
2 0.482552 0.531019 0.029687 0.052778
4 0.479948 0.481019 0.065104 0.073148
0 0.511719 0.519907 0.019271 0.065741
