8 0.244010 0.851852 0.196354 0.296296
0 0.096354 0.632870 0.061458 0.291667
0 0.184896 0.620833 0.041667 0.247222
7 0.359115 0.766204 0.094271 0.202778
0 0.339583 0.615278 0.035417 0.141667
0 0.441146 0.635648 0.017708 0.100926
0 0.456510 0.625463 0.021354 0.128704
1 0.479687 0.647222 0.032292 0.137037
1 0.510156 0.642130 0.036979 0.173148
1 0.579167 0.689352 0.101042 0.310185
1 0.672396 0.723611 0.130208 0.365741
10 0.786719 0.654167 0.118229 0.204630
0 0.953906 0.675000 0.042188 0.177778
8 0.866146 0.696296 0.036458 0.088889
0 0.415625 0.656019 0.031250 0.152778
