0 0.077604 0.634259 0.039583 0.200000
0 0.130208 0.640278 0.054167 0.212037
7 0.249479 0.628704 0.075000 0.092593
6 0.179427 0.608333 0.067187 0.127778
9 0.362500 0.554167 0.123958 0.202778
1 0.464323 0.613889 0.071354 0.214815
1 0.511198 0.596759 0.043229 0.136111
6 0.536979 0.598611 0.027083 0.082407
3 0.626823 0.606944 0.076563 0.162037
6 0.577865 0.599537 0.028646 0.084259
6 0.550260 0.596296 0.021354 0.066667
6 0.782292 0.603704 0.053125 0.079630
1 0.835677 0.600463 0.053646 0.110185
1 0.911198 0.598148 0.054688 0.085185
1 0.964583 0.595370 0.070833 0.188889
