7 0.359896 0.762037 0.065625 0.244444
0 0.060937 0.781481 0.065625 0.429630
0 0.133333 0.733333 0.029167 0.200000
2 0.201563 0.751389 0.112500 0.160185
0 0.274219 0.673148 0.023438 0.118519
3 0.456250 0.667130 0.032292 0.091667
3 0.400781 0.672222 0.035937 0.124074
0 0.575781 0.685648 0.021354 0.058333
0 0.597135 0.678241 0.018229 0.073148
0 0.585938 0.682407 0.018750 0.088889
6 0.617188 0.681019 0.044792 0.102778
0 0.528906 0.669907 0.020313 0.067593
6 0.305469 0.667130 0.025521 0.054630
1 0.923438 0.720833 0.089583 0.236111
