0 0.059635 0.733796 0.100521 0.417593
0 0.281250 0.648148 0.052083 0.246296
7 0.216406 0.675926 0.048438 0.153704
0 0.188281 0.637037 0.028646 0.192593
0 0.138542 0.659259 0.030208 0.166667
7 0.313021 0.627315 0.034375 0.102778
1 0.403906 0.615741 0.086979 0.250000
8 0.586458 0.650000 0.032292 0.127778
0 0.634635 0.662037 0.042188 0.205556
8 0.682292 0.662037 0.064583 0.140741
1 0.889844 0.678241 0.220312 0.480556
6 0.542448 0.600463 0.067187 0.078704
2 0.339583 0.619444 0.018750 0.081481
0 0.730729 0.613426 0.025000 0.139815
