9 0.079427 0.562963 0.156771 0.312963
3 0.264323 0.650463 0.073438 0.154630
7 0.389062 0.643981 0.023958 0.047222
6 0.561458 0.641204 0.073958 0.086111
0 0.185156 0.619444 0.019271 0.066667
0 0.199219 0.618519 0.006771 0.053704
1 0.434896 0.623611 0.010417 0.030556
6 0.414583 0.621296 0.015625 0.024074
6 0.458073 0.623611 0.017188 0.026852
6 0.512240 0.624074 0.018229 0.022222
6 0.490625 0.623611 0.014583 0.019444
6 0.368229 0.621759 0.014583 0.021296
8 0.355469 0.635185 0.014063 0.024074
1 0.338021 0.624537 0.012500 0.036111
