1 0.198177 0.643981 0.050521 0.132407
3 0.366146 0.633333 0.051042 0.090741
7 0.443229 0.650926 0.018750 0.075926
6 0.746354 0.683333 0.187500 0.207407
6 0.298698 0.631944 0.039062 0.050926
6 0.324479 0.627778 0.017708 0.044444
9 0.334635 0.596759 0.034896 0.075000
10 0.225781 0.631944 0.031771 0.099074
6 0.532292 0.623611 0.016667 0.028704
6 0.505208 0.623611 0.013542 0.021296
6 0.479687 0.622222 0.015625 0.016667
7 0.517188 0.625926 0.006250 0.024074
1 0.458333 0.622222 0.009375 0.018519
6 0.421615 0.620833 0.009896 0.013889
