1 0.134635 0.694907 0.229687 0.549074
6 0.470833 0.658796 0.205208 0.319444
1 0.263021 0.610185 0.073958 0.248148
0 0.310417 0.596296 0.025000 0.140741
0 0.683073 0.603704 0.032813 0.170370
0 0.655990 0.598611 0.024479 0.162037
0 0.838802 0.604630 0.042188 0.229630
0 0.895052 0.583796 0.036979 0.186111
0 0.928385 0.581481 0.032813 0.172222
7 0.621875 0.620833 0.050000 0.100926
0 0.622656 0.565278 0.021354 0.075000
0 0.732292 0.573611 0.018750 0.117593
0 0.771615 0.580556 0.035937 0.157407
1 0.364583 0.601389 0.043750 0.208333
