6 0.447917 0.712037 0.261458 0.368519
0 0.258594 0.593981 0.039062 0.212037
0 0.784635 0.639352 0.078646 0.367593
0 0.858333 0.656481 0.065625 0.333333
4 0.702344 0.529167 0.086979 0.160185
3 0.597135 0.594444 0.117188 0.283333
0 0.513281 0.518519 0.014063 0.070370
0 0.522917 0.514352 0.015625 0.086111
3 0.465365 0.502315 0.033854 0.060185
3 0.435417 0.500000 0.021875 0.055556
3 0.416667 0.499074 0.018750 0.053704
0 0.335156 0.539815 0.016146 0.077778
0 0.355990 0.522222 0.017188 0.061111
0 0.370833 0.509259 0.014583 0.042593
0 0.388802 0.511574 0.019271 0.050926
