11 0.338542 0.772222 0.187500 0.300000
0 0.541667 0.697685 0.026042 0.187963
6 0.471875 0.722222 0.079167 0.168519
6 0.613281 0.717130 0.096354 0.162037
0 0.112500 0.750000 0.070833 0.214815
5 0.208594 0.735648 0.120313 0.217593
7 0.065104 0.751389 0.065625 0.134259
0 0.810677 0.718519 0.054688 0.275926
7 0.847396 0.725463 0.053125 0.149074
1 0.940625 0.684722 0.068750 0.217593
6 0.888542 0.682870 0.058333 0.165741
6 0.775000 0.701852 0.046875 0.092593
7 0.729948 0.703241 0.030729 0.087963
1 0.670573 0.674074 0.047396 0.118519
0 0.009375 0.708796 0.017708 0.156481
