0 0.129948 0.753241 0.153646 0.493519
1 0.053906 0.644907 0.098437 0.371296
0 0.215104 0.649537 0.027083 0.223148
7 0.289844 0.691667 0.068229 0.153704
0 0.448698 0.609722 0.025521 0.106481
10 0.559896 0.571759 0.110417 0.239815
7 0.745833 0.656481 0.060417 0.144444
0 0.846354 0.596296 0.022917 0.103704
6 0.810677 0.606019 0.068229 0.086111
6 0.875000 0.606481 0.047917 0.075926
7 0.910417 0.614352 0.029167 0.052778
7 0.937500 0.621759 0.025000 0.067593
7 0.970313 0.626852 0.019792 0.057407
0 0.341927 0.615278 0.013021 0.076852
0 0.360156 0.619444 0.015104 0.087037
9 0.435937 0.583333 0.022917 0.068519
6 0.473177 0.592593 0.023438 0.051852
