7 0.336979 0.811111 0.112500 0.340741
3 0.670312 0.732407 0.135417 0.305556
0 0.795312 0.725463 0.036458 0.163889
0 0.870313 0.723611 0.046875 0.210185
0 0.066146 0.770833 0.089583 0.347222
6 0.155208 0.679167 0.154167 0.126852
7 0.519792 0.697685 0.026042 0.086111
7 0.478646 0.679167 0.019792 0.058333
3 0.405469 0.664815 0.047396 0.094444
5 0.454688 0.662500 0.029167 0.078704
0 0.594531 0.684722 0.017188 0.089815
0 0.562500 0.676389 0.015625 0.063889
0 0.543490 0.671296 0.011979 0.075926
0 0.276302 0.662963 0.017188 0.085185
1 0.938802 0.722222 0.059896 0.222222
