1 0.184635 0.695833 0.346354 0.608333
1 0.354948 0.590741 0.061979 0.198148
0 0.463542 0.592593 0.027083 0.172222
8 0.654687 0.679167 0.065625 0.210185
8 0.567969 0.616204 0.032813 0.125000
0 0.934115 0.654167 0.043229 0.213889
1 0.920312 0.630556 0.103125 0.212963
0 0.798958 0.600926 0.023958 0.140741
6 0.822135 0.617130 0.117188 0.132407
1 0.732812 0.581019 0.042708 0.134259
3 0.444531 0.549074 0.041146 0.092593
1 0.404427 0.546296 0.034896 0.087037
0 0.630208 0.571296 0.013542 0.090741
0 0.640365 0.568981 0.011979 0.097222
0 0.654167 0.563426 0.013542 0.084259
0 0.669271 0.563426 0.013542 0.108333
