0 0.018229 0.598611 0.027083 0.193519
0 0.228646 0.597685 0.039583 0.193519
6 0.146615 0.604167 0.136979 0.180556
0 0.413281 0.585185 0.038021 0.142593
0 0.309115 0.561111 0.022396 0.092593
0 0.334635 0.562963 0.020313 0.092593
1 0.374479 0.559259 0.034375 0.096296
1 0.844010 0.612037 0.067187 0.168519
7 0.462760 0.563426 0.023438 0.054630
1 0.578906 0.551852 0.027604 0.068519
5 0.617708 0.549074 0.037500 0.077778
0 0.702604 0.575000 0.015625 0.075926
0 0.792188 0.568519 0.011458 0.085185
8 0.893750 0.638426 0.036458 0.062037
7 0.948177 0.704167 0.097396 0.167593
