0 0.113542 0.750463 0.058333 0.332407
7 0.341667 0.810648 0.106250 0.354630
3 0.408073 0.664352 0.038021 0.102778
3 0.630990 0.712963 0.105729 0.237037
0 0.842969 0.721759 0.041146 0.199074
0 0.770312 0.718981 0.027083 0.139815
1 0.892448 0.718981 0.060937 0.208333
2 0.948438 0.761111 0.103125 0.122222
7 0.510156 0.690278 0.029687 0.073148
5 0.450521 0.658333 0.025000 0.066667
6 0.148438 0.682407 0.175000 0.127778
0 0.279427 0.658333 0.017188 0.094444
7 0.471094 0.678704 0.018229 0.050000
0 0.543229 0.673611 0.011458 0.071296
0 0.554948 0.675463 0.013021 0.067593
0 0.753906 0.690741 0.019271 0.062963
