10 0.333854 0.782407 0.232292 0.359259
10 0.491406 0.736111 0.090104 0.185185
0 0.653646 0.720370 0.060417 0.268519
0 0.608854 0.733796 0.041667 0.206481
0 0.581510 0.719444 0.025521 0.185185
1 0.047135 0.727778 0.084896 0.298148
0 0.098958 0.718519 0.028125 0.153704
0 0.124740 0.712037 0.032813 0.174074
0 0.196615 0.762037 0.068229 0.242593
0 0.151302 0.705093 0.017188 0.141667
6 0.838542 0.698148 0.097917 0.131481
7 0.915885 0.737500 0.070312 0.156481
0 0.971875 0.737963 0.056250 0.361111
7 0.766146 0.716667 0.044792 0.101852
7 0.714063 0.712963 0.040625 0.088889
