10 0.342708 0.777778 0.230208 0.366667
6 0.487240 0.734722 0.088021 0.193519
0 0.663021 0.719444 0.051042 0.288889
0 0.624479 0.744444 0.060417 0.220370
0 0.583854 0.721759 0.043750 0.199074
10 0.553125 0.685185 0.038542 0.148148
7 0.917448 0.733333 0.058854 0.155556
6 0.839844 0.705556 0.103646 0.135185
7 0.763281 0.708333 0.029687 0.094444
6 0.966927 0.705093 0.048438 0.180556
0 0.146875 0.708333 0.028125 0.142593
0 0.114323 0.714352 0.035937 0.163889
0 0.084115 0.714815 0.036979 0.140741
1 0.040625 0.726389 0.080208 0.271296
7 0.715104 0.708796 0.036458 0.087963
