0 0.907552 0.749074 0.048438 0.268519
3 0.829427 0.741667 0.111979 0.285185
0 0.696094 0.713889 0.056771 0.233333
3 0.628906 0.725463 0.089063 0.225000
0 0.411979 0.682870 0.017708 0.100926
1 0.450000 0.684259 0.070833 0.114815
3 0.258333 0.690741 0.060417 0.129630
3 0.334115 0.677778 0.042188 0.105556
3 0.215885 0.685648 0.044271 0.117593
7 0.124219 0.770370 0.073438 0.172222
3 0.034115 0.688889 0.067187 0.164815
0 0.372917 0.672222 0.009375 0.068519
0 0.360938 0.673148 0.006250 0.072222
3 0.965365 0.747222 0.069271 0.364815
