6 0.460417 0.741204 0.296875 0.434259
3 0.570833 0.572222 0.102083 0.227778
0 0.704948 0.625000 0.065104 0.294444
0 0.777604 0.621759 0.054167 0.267593
0 0.832292 0.624537 0.068750 0.315741
4 0.668490 0.521296 0.067187 0.153704
0 0.265885 0.593519 0.039062 0.179630
0 0.337500 0.537037 0.018750 0.068519
0 0.355990 0.536111 0.022396 0.068519
0 0.392708 0.519444 0.018750 0.057407
3 0.411979 0.500463 0.030208 0.056481
3 0.433594 0.503704 0.023438 0.048148
3 0.454427 0.508796 0.026562 0.065741
2 0.481771 0.520833 0.029167 0.047222
4 0.478125 0.475463 0.068750 0.062037
