7 0.332813 0.822222 0.100000 0.333333
7 0.645833 0.749074 0.059375 0.179630
0 0.806250 0.753704 0.035417 0.200000
0 0.840885 0.747222 0.041146 0.211111
0 0.913281 0.720370 0.034896 0.125926
0 0.779948 0.723611 0.031771 0.167593
7 0.532813 0.707407 0.033333 0.096296
6 0.094010 0.712037 0.153646 0.183333
0 0.257031 0.670370 0.020313 0.111111
3 0.408333 0.671759 0.039583 0.102778
5 0.482292 0.673148 0.050000 0.111111
0 0.567969 0.685648 0.019271 0.087963
0 0.610938 0.691204 0.019792 0.082407
2 0.180469 0.687500 0.052604 0.078704
3 0.441927 0.656481 0.015104 0.051852
