7 0.611979 0.634259 0.067708 0.120370
0 0.868490 0.623611 0.058854 0.204630
0 0.907292 0.600463 0.041667 0.160185
0 0.318750 0.621296 0.023958 0.137037
7 0.055469 0.752778 0.109896 0.338889
0 0.232552 0.627778 0.028646 0.127778
1 0.257552 0.634259 0.021354 0.124074
9 0.361458 0.584722 0.027083 0.071296
6 0.395573 0.589815 0.021354 0.029630
0 0.408333 0.604167 0.015625 0.058333
11 0.459896 0.573148 0.088542 0.225926
6 0.525260 0.595370 0.046354 0.100000
6 0.811198 0.588889 0.079687 0.096296
0 0.179688 0.606944 0.017708 0.119444
0 0.204948 0.596759 0.018229 0.095370
7 0.987760 0.609722 0.024479 0.076852
7 0.949740 0.610185 0.040104 0.068519
0 0.038802 0.555556 0.028646 0.096296
0 0.150000 0.594444 0.019792 0.083333
0 0.279167 0.602778 0.029167 0.074074
3 0.296094 0.597685 0.022396 0.050926
