1 0.142708 0.608333 0.088542 0.198148
0 0.077083 0.594907 0.022917 0.160185
0 0.026562 0.582870 0.030208 0.137963
0 0.221615 0.592130 0.026562 0.102778
3 0.257552 0.602315 0.049479 0.115741
0 0.270833 0.602315 0.012500 0.099074
11 0.443229 0.577778 0.073958 0.181481
7 0.519010 0.632407 0.038021 0.088889
10 0.524740 0.604167 0.067187 0.095370
0 0.677344 0.625926 0.030729 0.140741
6 0.730208 0.608796 0.067708 0.082407
6 0.816927 0.613426 0.102604 0.093519
6 0.385417 0.595833 0.028125 0.034259
7 0.352865 0.593981 0.011979 0.026852
0 0.325781 0.592130 0.009896 0.049074
