6 0.596615 0.632407 0.163021 0.185185
9 0.414583 0.543056 0.070833 0.160185
6 0.506771 0.576852 0.046875 0.079630
7 0.738021 0.606019 0.057292 0.100926
0 0.814323 0.597685 0.038021 0.169444
0 0.852083 0.601852 0.034375 0.188889
0 0.896354 0.601389 0.043750 0.193519
0 0.869010 0.604630 0.021354 0.166667
0 0.777865 0.545833 0.033854 0.162037
1 0.153125 0.600926 0.069792 0.164815
1 0.055729 0.619907 0.094792 0.200926
3 0.227344 0.587037 0.052604 0.094444
1 0.275260 0.561574 0.017188 0.050926
7 0.355208 0.580093 0.017708 0.039815
8 0.472396 0.576852 0.008333 0.040741
0 0.746875 0.521296 0.032292 0.092593
8 0.317708 0.584722 0.012500 0.034259
9 0.329948 0.535648 0.031771 0.100926
