0 0.294792 0.529630 0.011458 0.068519
3 0.318750 0.523148 0.031250 0.075926
0 0.372135 0.528241 0.017188 0.095370
3 0.396094 0.507870 0.026562 0.067593
3 0.427344 0.507870 0.022396 0.065741
7 0.458333 0.524074 0.019792 0.031481
0 0.775260 0.525463 0.030729 0.075000
0 0.780469 0.625000 0.029687 0.120370
5 0.894792 0.637500 0.210417 0.182407
6 0.564583 0.558796 0.085417 0.108333
0 0.616146 0.533333 0.015625 0.053704
7 0.514844 0.541667 0.021354 0.046296
3 0.592969 0.520833 0.036979 0.086111
3 0.498958 0.502315 0.022917 0.041667
